10101 01010 00100
10000 01010 00110
01000 10010 00110
10101 00111 01010
10101 00100 00100
01100 10000 11110
10100 01001 10101
01101 10010 11100
01010 00110 10011
01010 10100 10011
10001 00110 00100
10001 11010 11010
10110 10010 10100
10100 10010 11001
10001 00001 01001
10110 00001 11101
10000 11000 11001
01110 00110 11101
01110 00110 11100
11001 10001 10111
10001 10000 01111
01100 10100 10110
01001 00110 00111
10001 11100 01010
10001 10010 01111
01010 00000 11000
01001 00111 00110
01110 00011 01100
11001 10000 10011
10101 00010 00110
11001 11011 01100
01100 01001 10111
01000 01001 10110
10000 10010 11110
01000 01101 11000
11000 11010 11001
10101 00100 11110
10100 11111 00010
01110 00110 00110
11001 01111 01000
01001 11010 11110
10000 11110 01001
10000 11111 10110
11001 00001 10111
01000 11100 10110
01001 01100 00011
01000 01011 00101
11001 01110 01101
10001 01011 01111
01100 11010 10011
