21
10
4
16
10
6
8
18
6
21
7
10
21
4
4
12
16
30
20
9
21
13
18
28
10
6
19
10
20
19
17
6
4
17
26
26
22
18
20
20
18
25
17
1
9
22
1
29
16
24
25
14
6
29
14
6
28
25
17
23
17
16
15
12
20
22
9
6
7
17
28
10
17
18
15
10
0
24
9
7
6
14
3
12
25
16
19
21
2
6
25
27
12
12
9
23
8
9
22
16
18
30
8
13
24
24
26
25
21
4
30
20
31
2
14
6
6
25
15
8
9
26
30
16
30
9
16
31
22
25
1
23
8
28
22
9
12
3
8
11
5
25
14
13
17
11
15
12
26
19
