11011101010101001010000000010111
11011100000101001011000100011110
11011010001001001011000101001001
11011101010011101101010001110101
11011101010010001010001100100011
11011011001000011111010001100010
11011101000100111010111101001001
11011011011001011110000000010000
11011010100011011001101101101000
11011010101010011001101100110011
11011100010011001010010100110111
11011100011101011101011001011110
11011101101001011010011001001000
11011101001001011100111101010101
11011100010000101100100100111001
11011101100000111110100101010001
11011100001100011100110001110010
11011011100011011110111001100000
11011011100011011110011101100111
11011110011000111011101100001011
11011100011000001111100001000000
11011011001010011011000101101111
11011010010011001011101001100101
11011100011110001101001101011101
11011100011001001111110100100011
11011010100000011100001001101011
11011010010011101011001000001110
11011011100001101110000100001010
11011110011000011001100000101011
11011101010001001011010000100110
11011110011101101110001101110100
11011011000100111011101101010100
11011010000100111011001100111100
11011100001001011111011001011011
11011010000110111100001101110110
11011110001101011100111101000000
11011101010010011111000101110000
11011101001111101001011100100100
11011011100011001011001100111110
11011110010111101100011100001100
11011010011101011111000000101110
11011100001111001100100101100100
11011100001111111011000001010011
11011110010000111011110001011001
11011010001110011011011100001111
11011010010110001001110001101011
11011010000101101010111101011110
11011110010111001110100101001010
11011100010101101111101000101000
11011011001101011001110100110011
