1010111011010101001101100
1000001111111001001000101
0111000101011000100100100
1001001011101111001101010
0110111111110111100011000
1011010010111000000100011
1100100010101101101000110
0110010111010011001101101
1101010001011010100001111
1001001100010111011001110
0100001100001000011010111
0111000001111000110100111
1010010011010010110110110
1010010010000111001011001
1100100110100110100010111
1010011000101100100011111
0111001110110000101001000
1100100010001111110110111
1100001101100111111001001
1010001001011110100011010
1000001011011101100010111
1010010001101100011010101
1100001111001001100010110
1010110111011011001100110
1011010100110010010111000
0110010111001100010101011
1010010000010000011000111
0100110001011110001101011
1001010010110011101011100
0110010100110011000010011
1001000110011001001101110
0100011111110110000110111
0110011101011010001101001
1000110110011100100110101
1010111100001111001001000
1011000011010110010101101
0100011111110111111101100
0100001111010011111001110
0110101001111011001000100
1000100101101001010111101
1000000111101101101100000
1010001110101110101101000
0100010100111110101010010
1011011000101111011101011
0100101100111001011101010
1001000111101111100011010
1010010110010001110010111
1010100110011110100111000
1001010100001000011010111
0111010001010101100010000
1101010000011100011101001
0101010011011011000111001
0101010111110000111110111
1000011110111100011010111
1010010101000111011000011
1010011011001000111010001
0100110101101010001101011
1101000001010010000100010
1101000010111101111011001
1100110100000110001100011
0110001011000111111011111
1101011010011010110100000
0100101001100111100100011
1010010000010001001010111
1010011011110110111001010
1011011000010100010110000
1000011001101001101101101
0110010101011010110010011
0100011101101001111001000
0100100101111000000100010
1011011010011011100111100
1000011101110000011011001
0110011011011111001010000
1100101100000111100110101
1001000110101101011011001
1101010101111011111101001
1000000111100111101000101
1101010010010100000110011
1000101101011011111011100
0100010001111000110100000
1010101100110110000010101
0100010111001011011011000
0101001001000111110110101
0101011011101111111100010
0101011011011100001001011
0101010010011010000110010
1010111011101000010110111
1000100100001101000110001
1100010000011101010110011
0111000110110111010110101
1010100111001110100011010
1010010101101101101000100
0100001100110101100010110
0110010100100110001101110
1010011110110000111000111
0101001100001000111100111
1001000101001111101110011
0100001001110010110110010
0110110000011010101100010
1000111101110100011000001
0110111000101111001000011
1010010110101000011100111
0100001000011000010001010
0110010010101101101110101
0110110011010110100010001
1010100110010001000001100
1000011101011010011011111
0110011010101111010001010
1011010110001100001000000
1000111011001000100101100
1010110101111100010010001
0110110010000110110011101
0101001111010011100001011
1100110010011000011110010
0100100100111110100111101
0110100100010010101100111
1011000100001101000110100
1101001101010011001010000
0110100101010000110100011
1000100111011000000001111
0100111101010101001000000
1010100110000110000100000
0110100010001110100010100
1010111110111101110101001
0100001010010000111001010
0111000000101101000101111
0111010100010101101010000
0100110001010001001011110
1011010100101100011011011
1010001001001001100100111
1010001111001001111001000
1000101011011111001011100
1000010100101010010111100
1100010010111011011000100
0110011101101001101011111
1010101000101001001011001
1100111001110001101011011
0110011000010011100001100
1100010110011100100010110
1001000101011100001101110
1101010001101011001101110
0111011011111011001000000
0101000101101111100111111
1100101000010011000101011
1100101101010111101101011
1100011100101110100100010
1010010101110100101011110
0111000100100101111001101
0110011100111011101101010
0100011011010000011101010
1011011010010110101010010
1100001100101001100111111
1010111001101001100010000
0101011011011110001010100
1001011011101101000011000
1000001101001011110110000
1011001001100111111001101
1000111110101000101011001
0101001101001000011110110
1001000010010000011000111
0100010000101000011010010
1001011000010100100110110
0110010111001110010011110
1100011111110001011010111
1010100001011101110001100
1100110101111101110001010
1000101100100110010100000
1101011001100111011100110
1001000101101000100101011
1100111010011010001011110
0111000001101101100110001
0111010110111001101011011
0110101010101100000101010
1010101000110100100111101
0100010000001010000010111
1100100111010010110101110
0100110001110101000100001
0100010100111000100011000
1000010101111010110101001
0110111001010111011000101
